Left:
('D = ', [0.13018402862756331, -0.4064909851821128, -0.0001601037560916561, -0.005097293220823385, 0.0])
('K = ', [1225.9684830346469, 0.0, 287.9583557799272, 0.0, 608.3046087452668, 209.9193382735547, 0.0, 0.0, 1.0])
('R = ', [0.9992528217718623, -0.015592515707818128, 0.03536483613523994, 0.014697570115292833, 0.9995686461025457, 0.025426426438444085, -0.0357460433289753, -0.024887651207476408, 0.9990509622655382])
('P = ', [1497.133646596029, 0.0, 280.32798194885254, 0.0, 0.0, 1497.133646596029, 209.10777473449707, 0.0, 0.0, 0.0, 1.0, 0.0])

Right:
('D = ', [0.12336810102604828, -0.5262842154518701, -0.0067526064540203755, 0.0016888408837813604, 0.0])
('K = ', [1222.45392141489, 0.0, 300.3108491157346, 0.0, 606.8361376824262, 212.8480490740382, 0.0, 0.0, 1.0])
('R = ', [0.9987677360311582, -0.015000711432805522, 0.04730737912529363, 0.016186661970008266, 0.9995617175356302, -0.02478638359038563, -0.04691483174288552, 0.025521588777557457, 0.9985728050917498])
('P = ', [1497.133646596029, 0.0, 280.32798194885254, -2.4085914533138992, 0.0, 1497.133646596029, 209.10777473449707, 0.0, 0.0, 0.0, 1.0, 0.0])
('self.T ', [-0.0016068194301289583, 2.4133173035575493e-05, -7.610820136127082e-05])
('self.R ', [0.9999364027313189, 0.0017739781466272952, -0.0111374815054847, -0.0012106706180407736, 0.9987292791219131, 0.050382152606635304, 0.011212705712910588, -0.05036546461772158, 0.9986679103708282])
None
# oST version 5.0 parameters


[image]

width
640

height
480

[narrow_stereo/left]

camera matrix
1225.968483 0.000000 287.958356
0.000000 608.304609 209.919338
0.000000 0.000000 1.000000

distortion
0.130184 -0.406491 -0.000160 -0.005097 0.000000

rectification
0.999253 -0.015593 0.035365
0.014698 0.999569 0.025426
-0.035746 -0.024888 0.999051

projection
1497.133647 0.000000 280.327982 0.000000
0.000000 1497.133647 209.107775 0.000000
0.000000 0.000000 1.000000 0.000000

# oST version 5.0 parameters


[image]

width
640

height
480

[narrow_stereo/right]

camera matrix
1222.453921 0.000000 300.310849
0.000000 606.836138 212.848049
0.000000 0.000000 1.000000

distortion
0.123368 -0.526284 -0.006753 0.001689 0.000000

rectification
0.998768 -0.015001 0.047307
0.016187 0.999562 -0.024786
-0.046915 0.025522 0.998573

projection
1497.133647 0.000000 280.327982 -2.408591
0.000000 1497.133647 209.107775 0.000000
0.000000 0.000000 1.000000 0.000000

